0 00000000 00000000 00000000 0
1 00000000 00000000 00000001 0
0 00000001 00000001 00000002 0
1 00000001 00000001 00000003 0
0 ffffffff 00000001 00000000 1
1 ffffffff 00000000 00000000 1
1 ffffffff 00000001 00000001 1
0 7fffffff 00000001 80000000 0
1 7fffffff 00000000 80000000 0
0 80000000 80000000 00000000 1
0 ffffffff ffffffff fffffffe 1
1 ffffffff ffffffff ffffffff 1
0 aaaaaaaa 55555555 ffffffff 0
1 aaaaaaaa 55555555 00000000 1
0 12345678 9abcdef0 acf13568 0
1 12345678 9abcdef0 acf13569 0
0 deadbeef 01020304 dfafc1f3 0
1 deadbeef 01020304 dfafc1f4 0
0 f0f0f0f0 0f0f0f0f ffffffff 0
1 f0f0f0f0 0f0f0f0f 00000000 1
0 0000ffff 00000001 00010000 0
1 0000ffff 00000000 00010000 0
0 55555555 55555555 aaaaaaaa 0
1 80000000 7fffffff 00000000 1
